averagecover=34.3892129061
percover=103.691740126