averagecover=34.5748064984
percover=102.539405058
