interval=[197;358]
average=278.368902555
sigma=40.1903973501
