averagecover=550.101784069
percover=99.5042756228
