20.61 
zp.copy:  44.70837 
p.e:  0.9428697 
shape.e:  0.3047814 
scale.e:  1.943789 
u.v:  416.7287 
var.v:  7046.462 
20.61
